age,sex,cp,trestbps,chol,fbs,restecg,thalach,exang,oldpeak,slope,ca,thal,target
63,1,3,145,233,1,0,150,0,2.3,0,0,1,1
37,1,2,130,250,0,1,187,0,3.5,0,0,2,1
41,0,1,130,204,0,0,172,0,1.4,2,0,2,1
56,1,1,120,236,0,1,178,0,0.8,2,0,2,1
57,0,0,120,354,0,1,163,1,0.6,2,0,2,1
57,1,0,140,192,0,1,148,0,0.4,1,0,1,1
56,0,1,140,294,0,0,153,0,1.3,1,0,2,1
44,1,1,120,263,0,1,173,0,0.0,2,0,3,1
52,1,2,172,199,1,1,162,0,0.5,2,0,3,1
57,1,2,150,168,0,1,174,0,1.6,2,0,2,1
54,1,0,140,239,0,1,160,0,1.2,2,0,2,1
48,0,2,130,275,0,1,139,0,0.2,2,0,2,1
49,1,1,130,266,0,1,171,0,0.6,2,0,2,1
64,1,3,110,211,0,0,144,1,1.8,1,0,2,1
58,0,3,150,283,1,0,162,0,1.0,2,0,2,1
50,0,2,120,219,0,1,158,0,1.6,1,0,2,1
58,0,2,120,340,0,1,172,0,0.0,2,0,2,1
66,0,3,150,226,0,1,114,0,2.6,0,0,2,1
43,1,0,150,247,0,1,171,0,1.5,2,0,2,1
69,0,3,140,239,0,1,151,0,1.8,2,2,2,1
59,1,0,135,234,0,1,161,0,0.5,1,0,3,1
44,1,2,130,233,0,1,179,1,0.4,2,0,2,1
42,1,0,140,226,0,1,178,0,0.0,2,0,2,1
61,1,2,150,243,1,1,137,1,1.0,1,0,2,1
40,1,3,140,199,0,1,178,1,1.4,2,0,3,1
71,0,1,160,302,0,1,162,0,0.4,2,2,2,1
51,1,2,110,175,0,1,123,0,0.6,2,0,2,1
30,1,1,182,0,0,1,174,0,1.4,2,0,2,1
34,1,1,118,182,0,0,174,0,0.0,2,0,2,1
57,0,0,128,303,0,0,159,0,0.0,2,1,3,1
54,1,0,110,206,0,0,108,1,0.0,1,1,2,1
52,1,0,125,212,0,1,168,0,1.0,2,2,3,0
52,1,0,112,230,0,1,160,0,0.0,2,1,2,0
48,1,0,148,301,0,1,122,1,0.0,1,2,3,0
58,1,0,105,240,0,0,154,1,0.6,1,0,3,0
54,1,0,108,309,0,1,156,0,0.0,2,0,3,0
35,1,0,126,282,0,0,156,1,0.0,2,0,3,0
46,1,0,120,249,0,0,144,0,0.8,2,0,3,0
64,1,0,128,263,0,1,105,1,0.2,1,1,3,0
64,0,0,130,303,0,1,122,0,2.0,1,2,2,0
50,1,0,144,200,0,0,126,1,0.9,1,0,3,0
55,1,0,130,262,0,1,155,0,0.0,2,0,3,0
45,1,0,115,260,0,0,185,0,0.0,2,0,2,0
65,0,0,155,269,0,1,148,0,0.8,2,0,2,0
52,1,0,128,255,0,1,161,1,0.0,2,1,3,0
59,1,0,110,239,0,0,142,1,1.2,1,1,3,0
58,1,0,128,259,0,0,130,1,3.0,1,2,3,0
60,1,0,145,282,0,0,142,1,2.8,1,2,3,0
57,1,0,150,276,0,0,112,1,0.6,1,1,1,0
55,1,0,132,353,0,1,132,1,1.2,1,1,3,0
56,1,0,150,213,0,0,125,1,1.0,1,2,2,0
53,1,0,140,203,1,0,155,1,3.1,0,0,3,0
54,1,0,120,188,0,1,113,0,1.4,1,1,3,0
64,1,0,125,309,0,1,125,1,1.8,1,1,3,0
54,0,2,110,214,0,1,158,0,1.6,1,0,2,0
51,1,0,140,261,0,0,186,1,0.0,2,0,3,0
57,1,0,140,265,0,1,145,1,1.0,1,2,3,0
43,1,0,110,211,0,1,161,0,0.0,2,0,3,0
45,1,0,142,309,0,0,147,1,0.0,1,3,3,0
58,1,0,128,216,0,0,131,1,2.2,1,3,3,0
63,1,0,130,254,0,0,147,0,1.4,1,1,3,0
38,1,2,138,175,0,1,173,0,0.0,2,4,2,0
67,1,0,160,286,0,0,108,1,1.5,1,3,2,0
67,1,0,120,229,0,0,129,1,2.6,1,2,3,0
62,0,0,140,268,0,0,160,0,3.6,0,2,2,0
47,1,0,110,275,0,0,118,1,1.0,1,1,2,0
52,1,0,125,212,0,1,168,0,1.0,2,2,3,0
45,0,2,130,234,0,0,175,0,0.6,1,0,2,0
55,0,1,128,205,0,2,130,1,2.0,1,1,3,0
54,1,0,120,258,0,0,147,0,0.0,2,0,3,0
60,1,0,130,253,0,1,144,1,1.4,2,1,3,0
69,1,0,140,254,0,0,146,0,2.0,1,3,3,0
59,1,3,170,288,0,0,159,0,0.2,1,0,3,0
60,1,0,145,282,0,0,142,1,2.8,1,2,3,0
47,1,0,110,275,0,0,118,1,1.0,1,1,2,0
50,0,2,120,244,0,1,162,0,1.1,2,0,2,0
54,1,0,120,188,0,1,113,0,1.4,1,1,3,0
51,0,2,140,308,0,2,142,0,1.5,2,1,2,0
58,1,0,112,230,0,0,165,0,2.5,1,1,3,0
65,1,0,110,248,0,0,158,0,0.6,2,2,2,0
65,0,2,155,269,0,1,148,0,0.8,2,0,2,0
62,1,1,120,281,0,0,103,0,1.4,1,1,3,0
52,1,0,134,201,0,1,158,0,0.8,2,1,2,0
52,1,0,112,230,0,1,160,0,0.0,2,1,2,0
70,1,0,130,322,0,0,109,0,2.4,1,3,3,0
60,1,0,117,230,1,1,160,1,1.4,2,2,3,0
67,0,2,115,564,0,0,160,0,1.6,1,0,3,0
59,1,0,164,176,1,0,90,0,1.0,1,2,1,0
45,1,0,142,309,0,0,147,1,0.0,1,3,3,0
58,1,0,128,259,0,0,130,1,3.0,1,2,3,0
65,1,0,110,248,0,0,158,0,0.6,2,2,2,0
60,1,0,124,197,0,1,136,1,0.0,1,0,2,0
65,0,0,140,417,1,0,157,0,0.8,2,1,2,0
63,0,0,150,407,0,0,154,0,4.0,1,3,3,0
63,1,0,130,254,0,0,147,0,1.4,1,1,3,0
55,0,1,128,205,0,2,130,1,2.0,1,1,3,0
55,1,0,130,262,0,1,155,0,0.0,2,0,3,0
56,1,1,130,256,1,0,142,1,0.6,1,1,1,0
49,0,2,134,271,0,1,162,0,0.0,2,0,2,1
54,1,1,192,0,0,1,148,0,0.0,2,0,3,1
39,0,2,94,199,0,1,179,0,0.0,2,0,2,1
